10204   10033   171
10218   10062   156
10355   10345   10
10375   10464   89
10500   10485   15
10533   10612   79
10596   10761   165
10733   10812   79
10750   10919   169
10847   11400   553
10856   11420   564
10891   11420   529
11050   11420   370
11104   11420   316
11114   11420   306
11234   11420   186
11420   11420   0
11480   11420   60
11531   11654   123
11532   11766   234
11751   11774   23
11880   11810   70
11881   11954   73
11888   12197   309
11895   12243   348
12117   12428   311
12221   12526   305
12525   12779   254
12567   12846   279
12571   13032   461
12609   13399   790
12807   13399   592
12902   13399   497
12954   13399   445
12955   13399   444
12964   13399   435
13036   13399   363
13139   13399   260
13159   13399   240
13285   13399   114
13399   13399   0
13439   13399   40
13455   13419   36
13501   13439   62
13509   13439   70
13551   13439   112
13568   13439   129
13588   13439   149
13678   13439   239
13844   13439   405
13871   13439   432
14066   13439   627
14384   13685   699
14477   13717   760
14579   14271   308
14642   14327   315
14778   14395   383
14796   14451   345
15005   14591   414
15058   14824   234
15216   14960   256
15291   15178   113
15315   15430   115
15324   15556   232
15532   15661   129
15650   15771   121
15915   15951   36
15951   15951   0
15961   15951   10
16021   15951   70
16249   15951   298
16465   15951   514
16603   15951   652
16707   15951   756
16725   15951   774
16808   15951   857
16866   15951   915
16915   15951   964
17053   15951   1102
17107   15951   1156
17159   15951   1208
17254   15951   1303
17276   16038   1238
17412   16069   1343
17517   16132   1385
17642   16321   1321
17675   16454   1221
17677   16525   1152
17832   17048   784
18002   17083   919
18073   17111   962
18216   17350   866
18295   17440   855
18470   17517   953
18508   17517   991
18550   17517   1033
18599   17646   953
18657   17762   895
18865   17930   935
18981   18223   758
18994   18353   641
19076   18580   496
19173   18626   547
19213   18683   530
19262   18865   397
19340   18865   475
19398   18865   533
19426   18865   561
19457   18865   592
19567   18865   702
19604   18865   739
19815   18865   950
19872   18865   1007
20090   18865   1225
20092   18865   1227
20243   18865   1378
20356   18865   1491
20622   18865   1757
20724   18865   1859
20837   18865   1972
21344   18865   2479
21358   18865   2493
21476   18865   2611
21579   18889   2690
21850   18923   2927
21871   19055   2816
21908   19287   2621
21950   19497   2453
22070   19507   2563
22102   19767   2335
22123   19917   2206
22658   19931   2727
22774   20148   2626
22831   20173   2658
22862   20174   2688
22901   20243   2658
22935   20243   2692
23216   20258   2958
23289   20332   2957
23321   20622   2699
23350   20622   2728
23366   20622   2744
23433   20622   2811
23499   20622   2877
23511   20622   2889
23521   20622   2899
23560   20622   2938
23719   20622   3097
23846   20622   3224
23874   20622   3252
23911   20622   3289
23924   20622   3302
23926   20622   3304
23929   20622   3307
23936   20622   3314
23978   20622   3356
23995   20622   3373
24054   20803   3251
24080   20989   3091
24113   21603   2510
24116   21673   2443
24345   21713   2632
24553   21887   2666
24630   22108   2522
24657   22142   2515
24673   22306   2367
24686   22438   2248
24717   22559   2158
24743   22755   1988
25038   23115   1923
25065   23118   1947
25327   23132   2195
25375   23334   2041
25501   23577   1924
25517   24117   1400
25723   24335   1388
25732   24425   1307
25792   24728   1064
25839   24749   1090
26268   25006   1262
26343   25503   840
26344   25744   600
26564   25793   771
27015   26034   981
27195   26287   908
27250   26363   887
27486   26365   1121
27516   26413   1103
27559   26529   1030
27571   26689   882
28020   26780   1240
28118   26817   1301
28368   26952   1416
28401   27009   1392
28516   27055   1461
28615   27077   1538
28625   27093   1532
28705   27108   1597
28815   27216   1599
28954   27299   1655
29116   27351   1765
29134   27403   1731
29166   28072   1094
29356   28084   1272
29417   28233   1184
29684   28294   1390
29751   28298   1453
29927   28327   1600
29959   28415   1544
30087   28445   1642
30121   28641   1480
30310   29134   1176
30448   29134   1314
30481   29134   1347
30591   29134   1457
30709   29196   1513
30754   29331   1423
30931   29333   1598
30934   29398   1536
31073   29807   1266
31107   30122   985
31177   30148   1029
31212   30293   919
31342   30398   944
31497   30470   1027
31524   30481   1043
31621   30481   1140
31630   30481   1149
31633   30481   1152
31652   30481   1171
31786   30520   1266
31801   30575   1226
32006   30769   1237
32025   31175   850
32065   31222   843
32080   31524   556
32201   31524   677
32427   31524   903
32557   31524   1033
32670   31524   1146
32709   31524   1185
32794   31524   1270
32801   31524   1277
32859   31524   1335
32967   31524   1443
33037   31524   1513
33181   31524   1657
33237   31524   1713
33348   32023   1325
33428   32122   1306
33476   32249   1227
33538   32349   1189
33579   32761   818
33594   32777   817
33595   32786   809
33929   32950   979
33967   32990   977
34019   33020   999
34060   33054   1006
34351   33145   1206
34392   33258   1134
34441   33343   1098
34500   33499   1001
34634   33954   680
34672   34282   390
34716   34507   209
34760   34573   187
34909   34677   232
35068   34907   161
35297   34930   367
35319   35025   294
35580   35175   405
35599   35203   396
35641   35213   428
35667   35501   166
35695   35575   120
35852   35859   7
35906   36146   240
36004   36182   178
36126   36346   220
36211   36346   135
36346   36346   0
36373   36346   27
36666   36346   320
36754   36480   274
36889   36516   373
36905   36926   21
36923   36926   3
36926   36926   0
36998   36926   72
37033   36926   107
37067   36926   141
37141   36926   215
37332   37037   295
37701   37178   523
37718   37209   509
37914   37242   672
37923   37439   484
37933   37542   391
38017   37578   439
38100   37777   323
38118   37808   310
38188   37918   270
38232   38143   89
38280   38284   4
38479   38324   155
38481   38371   110
38484   38420   64
38494   38466   28
38528   38603   75
38739   38714   25
38791   39121   330
39144   39233   89
39233   39233   0
39317   39233   84
39653   39233   420
39686   39233   453
39821   39233   588
39956   39233   723
40053   39233   820
40085   39233   852
40160   39233   927
40203   39630   573
40327   39982   345
40421   40232   189
40455   40519   64
40480   40615   135
40509   40663   154
40634   40951   317
40804   41090   286
40825   41237   412
40869   41472   603
40908   41575   667
40909   41685   776
41036   41686   650
41159   41710   551
41361   41820   459
41374   41926   552
41481   42004   523
41516   42304   788
41797   42304   507
41973   42633   660
42018   42646   628
42062   42757   695
42165   42759   594
42266   42762   496
42268   42909   641
42304   42911   607
42320   42933   613
42335   43046   711
42441   43046   605
42550   43046   496
42576   43046   470
42588   43046   458
42647   43227   580
42752   43809   1057
42821   43901   1080
42940   43974   1034
43046   44023   977
43148   44045   897
43151   44065   914
43191   44225   1034
43315   44280   965
43386   44280   894
43549   44280   731
43812   44280   468
43964   44471   507
44042   44534   492
44072   44545   473
44124   44735   611
44142   44825   683
44187   44935   748
44220   45165   945
44240   45433   1193
44280   45466   1186
44346   45493   1147
44422   45721   1299
44492   45747   1255
44527   45796   1269
44529   46034   1505
44551   46164   1613
44566   46215   1649
44621   46658   2037
44867   46788   1921
45097   46883   1786
45256   47244   1988
45260   47262   2002
45297   47341   2044
45318   47394   2076
45462   47770   2308
45463   48014   2551
45486   48086   2600
45641   48086   2445
45663   48086   2423
46105   48086   1981
46236   48086   1850
46245   48086   1841
46626   48086   1460
47010   48086   1076
47091   48086   995
47142   48086   944
47149   48086   937
47222   48086   864
47295   48086   791
47491   48086   595
47525   48086   561
47572   48086   514
47584   48194   610
47625   48207   582
47745   48396   651
48069   48432   363
48074   48502   428
48086   48505   419
48131   48527   396
48170   49146   976
48190   49155   965
48315   49199   884
48510   49281   771
48675   49329   654
48731   49634   903
48734   49777   1043
48876   50030   1154
48890   50220   1330
48948   50286   1338
49017   50297   1280
49081   50323   1242
49101   50323   1222
49356   50323   967
49464   50323   859
49574   50323   749
49575   50323   748
49650   50323   673
49918   50340   422
50000   50538   538
50122   50585   463
50181   51031   850
50323   51124   801
50369   51352   983
50417   51785   1368
50565   51873   1308
50581   52069   1488
50874   52069   1195
51125   52069   944
51220   52069   849
51346   52069   723
51394   52069   675
51468   52069   601
51626   52069   443
51646   52069   423
51819   52069   250
51890   52069   179
52045   52069   24
52069   52069   0
52114   52069   45
52176   52069   107
52215   52070   145
52246   52074   172
52355   52099   256
52681   52462   219
52702   52495   207
52834   52601   233
52858   52639   219
52909   52757   152
52960   52799   161
52996   52803   193
53042   52968   74
53059   53164   105
53199   53335   136
53217   53338   121
53237   53621   384
53344   53621   277
53404   53621   217
53405   53621   216
53440   53621   181
53457   53621   164
53566   53621   55
53621   53621   0
53739   53621   118
54016   53621   395
54041   53621   420
54164   53621   543
54291   53621   670
54342   53621   721
54348   54080   268
54382   54171   211
54519   54172   347
54617   54208   409
54786   54382   404
54796   54382   414
54872   54382   490
54885   54382   503
54927   54382   545
54938   54382   556
54993   54382   611
54999   54382   617
55111   54382   729
55208   54382   826
55238   54382   856
55331   54382   949
55351   54382   969
55363   54382   981
55377   54530   847
55417   54605   812
55718   54902   816
55739   54919   820
55904   54930   974
55931   55118   813
55936   55708   228
56000   55809   191
56071   56050   21
56077   56062   15
56100   56136   36
56249   56267   18
56284   56430   146
56392   57031   639
56797   57031   234
56882   57031   149
56924   57031   107
57031   57031   0
57046   57031   15
57148   57031   117
57197   57089   108
57255   57139   116
57319   57163   156
57361   57198   163
57512   57461   51
57636   57747   111
57684   57826   142
57846   57965   119
57866   58244   378
57875   58244   369
57896   58244   348
57925   58244   319
57963   58244   281
58244   58244   0
58337   58244   93
58393   58244   149
58481   58244   237
58586   58244   342
58594   58244   350
58810   58244   566
58843   58272   571
59150   58376   774
59162   58432   730
59209   58503   706
59236   58551   685
59276   58554   722
59322   58734   588
59328   59042   286
59362   59202   160
59594   59208   386
59825   59381   444
60092   59594   498
60258   59594   664
60279   59594   685
60704   59594   1110
60779   59594   1185
61035   59594   1441
61081   59594   1487
61135   59594   1541
61277   59594   1683
61286   59594   1692
61355   59594   1761
61367   59594   1773
61404   59594   1810
61421   59594   1827
61489   59594   1895
61530   59594   1936
61580   59594   1986
61780   59594   2186
61916   59594   2322
61972   59594   2378
62066   59639   2427
62098   60064   2034
62122   60190   1932
62300   60554   1746
62503   60692   1811
62686   61232   1454
62695   61463   1232
62891   61543   1348
63099   62099   1000
63141   62301   840
63452   62326   1126
63656   62352   1304
63723   62400   1323
63820   62567   1253
63956   62619   1337
63959   62695   1264
63965   62695   1270
64050   62695   1355
64098   62695   1403
64282   62695   1587
64428   62695   1733
64475   62695   1780
64527   62695   1832
64653   62695   1958
64767   62695   2072
64780   62695   2085
64841   62695   2146
64868   62695   2173
64882   62695   2187
64915   62695   2220
64953   62695   2258
65046   62695   2351
65047   62739   2308
65102   62823   2279
65135   62893   2242
65243   63037   2206
65266   63061   2205
65414   63436   1978
65441   63592   1849
65481   63716   1765
65496   63961   1535
65685   64001   1684
65760   64011   1749
65777   64187   1590
65835   64190   1645
66052   64349   1703
66142   64382   1760
66261   64394   1867
66370   64499   1871
66387   64511   1876
66391   64868   1523
66534   64868   1666
66680   64868   1812
66682   64868   1814
66723   64868   1855
66761   64868   1893
66811   64868   1943
66840   64868   1972
66997   64868   2129
67009   64868   2141
67064   64868   2196
67067   64929   2138
67071   65042   2029
67277   65630   1647
67491   65914   1577
67586   65924   1662
67708   65959   1749
67720   66058   1662
67727   66142   1585
67767   66142   1625
67778   66142   1636
67881   66142   1739
68077   66142   1935
68185   66142   2043
68378   66142   2236
68470   66142   2328
68536   66142   2394
68594   66142   2452
68599   66142   2457
68842   66380   2462
68954   66427   2527
68965   66433   2532
68966   66521   2445
69048   66657   2391
69183   66990   2193
69221   67097   2124
69300   67176   2124
69307   67372   1935
69428   67448   1980
69484   67495   1989
69512   67511   2001
69615   67881   1734
69742   67881   1861
69899   67881   2018
69916   67881   2035
69987   67881   2106
70144   67881   2263
70310   67981   2329
70363   68035   2328
70476   68078   2398
70681   68365   2316
70771   68650   2121
70986   68714   2272
71028   68721   2307
71029   68722   2307
71042   68793   2249
71048   68815   2233
71104   69040   2064
71110   69183   1927
71248   69183   2065
71342   69183   2159
71383   69183   2200
71733   69183   2550
71769   69183   2586
72127   69183   2944
72196   69183   3013
72249   69183   3066
72348   69183   3165
72366   69183   3183
72427   69308   3119
72601   69450   3151
72705   69463   3242
72722   69975   2747
72746   70224   2522
72900   70270   2630
73019   70312   2707
73054   70313   2741
73242   70473   2769
73295   70588   2707
73439   70681   2758
73590   70681   2909
73632   70681   2951
73930   70681   3249
73934   70681   3253
73959   70681   3278
73971   70681   3290
74104   70681   3423
74239   70681   3558
74248   70681   3567
74378   70681   3697
74610   70681   3929
74806   70681   4125
74953   70681   4272
75113   70681   4432
75123   70681   4442
75164   70832   4332
75241   70999   4242
75323   71081   4242
75545   71358   4187
75680   71398   4282
76024   71550   4474
76055   71778   4277
76161   72230   3931
76194   72261   3933
76233   72380   3853
76318   72452   3866
76535   72664   3871
76615   72754   3861
76642   72795   3847
76810   72834   3976
76968   72878   4090
76974   73020   3954
77125   73026   4099
77193   73032   4161
77380   73118   4262
77407   73228   4179
77506   73450   4056
77714   73611   4103
77892   73651   4241
77941   73683   4258
77989   73936   4053
78009   74160   3849
78155   74358   3797
78193   74850   3343
78219   74940   3279
78232   74953   3279
78314   75012   3302
78343   75087   3256
78347   75153   3194
78441   75163   3278
78499   75210   3289
78501   75222   3279
78567   75250   3317
78652   75319   3333
78675   75355   3320
78780   75432   3348
78998   75493   3505
79102   75521   3581
79423   75693   3730
79460   75833   3627
79524   75898   3626
79555   76013   3542
79606   76060   3546
79679   76077   3602
79861   76149   3712
79876   76429   3447
79896   76641   3255
79957   76650   3307
79970   77448   2522
79991   77524   2467
80098   77528   2570
80129   77575   2554
80138   77641   2497
80158   78113   2045
80180   78130   2050
80198   78193   2005
80301   78193   2108
80352   78193   2159
80386   78193   2193
80402   78193   2209
80618   78193   2425
80629   78709   1920
80796   78721   2075
80855   78866   1989
80951   79286   1665
81008   79358   1650
81138   79912   1226
81147   79995   1152
81188   80030   1158
81226   80221   1005
81236   80231   1005
81400   80320   1080
81423   80385   1038
81487   80564   923
81582   81035   547
81778   81210   568
81899   81278   621
81997   81353   644
82010   81410   600
82027   81549   478
82106   81629   477
82193   81758   435
82237   81859   378
82355   81863   492
82358   82133   225
82417   82488   71
82496   82701   205
82644   82761   117
82725   82807   82
82984   82870   114
83007   82959   48
83066   83087   21
83130   83105   25
83133   83161   28
83174   83188   14
83300   83228   72
83353   83482   129
83455   83509   54
83483   83667   184
83603   83996   393
83771   84016   245
84105   84237   132
84250   84262   12
84490   84268   222
84508   84381   127
84647   84393   254
84839   84465   374
84863   84571   292
84869   84918   49
85007   85133   126
85055   85312   257
85217   85327   110
85264   85362   98
85270   85370   100
85375   85776   401
85528   85776   248
85608   85776   168
85642   85776   134
85672   85776   104
85776   85776   0
85885   85776   109
86050   85776   274
86109   85776   333
86151   85776   375
86185   85776   409
86359   85776   583
86457   85776   681
86471   85794   677
86493   86173   320
87046   86202   844
87258   86433   825
87330   86471   859
87429   86471   958
87475   87131   344
87478   87470   8
87526   87499   27
87562   87617   55
87598   87908   310
87662   87913   251
87887   88105   218
87970   88339   369
88001   88458   457
88073   88748   675
88093   89121   1028
88181   89121   940
88312   89121   809
88384   89121   737
88423   89121   698
88433   89121   688
88473   89121   648
88592   89121   529
88721   89121   400
88747   89121   374
88876   89165   289
88967   89213   246
89121   89297   176
89171   89327   156
89179   89447   268
89255   89603   348
89386   89676   290
89460   89893   433
89593   89945   352
89596   89997   401
89793   90002   209
89938   90073   135
90029   90102   73
90099   90144   45
90112   90572   460
90302   91015   713
90427   91282   855
90429   91321   892
90785   91441   656
90874   91503   629
90916   91504   588
90972   91705   733
90990   91763   773
90991   91877   886
91033   92356   1323
91221   92452   1231
91316   92679   1363
91378   92741   1363
91416   92757   1341
91566   92794   1228
91597   92891   1294
91622   92921   1299
91807   93116   1309
91854   93147   1293
91889   93236   1347
92001   93238   1237
92376   93285   909
92395   93427   1032
92507   93445   938
92723   93466   743
92753   93563   810
92788   93663   875
93026   93754   728
93150   93771   621
93226   93955   729
93266   94031   765
93320   94396   1076
93330   94693   1363
93422   94891   1469
93508   94990   1482
93520   95424   1904
93863   95531   1668
93866   95531   1665
93983   95531   1548
94043   95578   1535
94282   95734   1452
94409   95926   1517
94426   95927   1501
94503   95972   1469
94510   96042   1532
94555   96222   1667
94677   96257   1580
94799   96311   1512
94982   96329   1347
95081   96679   1598
95201   96879   1678
95239   96879   1640
95395   96879   1484
95436   96879   1443
95437   96879   1442
95505   96879   1374
95531   96879   1348
95591   96879   1288
95611   96879   1268
95722   96879   1157
95771   96879   1108
96072   96879   807
96153   96879   726
96177   96879   702
96203   96958   755
96437   97473   1036
96590   97619   1029
96879   97635   756
97024   97643   619
97039   97941   902
97124   97944   820
97165   98199   1034
97380   98282   902
97390   98294   904
97392   98303   911
97533   98303   770
97553   98303   750
97715   98303   588
97729   98303   574
97775   98303   528
97799   98303   504
97890   98303   413
97891   98303   412
97982   98303   321
98014   98303   289
98158   98303   145
98229   98303   74
98231   98409   178
98243   98409   166
98303   98409   106
98318   98409   91
98364   98409   45
98405   98409   4
98409   98409   0
98465   98409   56
98473   98409   64
98505   98409   96
98554   98409   145
98976   98409   567
99020   98409   611
99057   98409   648
99204   98409   795
99407   98442   965
99596   98617   979
99667   98790   877
99706   98952   754
99714   99283   431
99871   99354   517
99903   99383   520
99959   99885   74
